,MAPE_Model,MAPE_Benchmark,MSE_Model,MSE_Benchmark,POS,Product
0,0.0,0.0,0.0,0.0,0,0
0,0.16270355609093187,0.1818109486255349,315.6372776086658,329.06845238095235,292,1277
0,0.14452923510901997,0.15164062378188628,572.9689223240069,520.812074829932,292,2609
0,0.22709955045365307,0.32640252097892625,722.4892764402684,1546.6143707482997,292,481
0,0.16925867577133016,0.23602180894183358,659.4059309733724,1339.4940476190477,292,993
0,0.20741798709278023,0.3080347113203386,1124.728746905511,2696.5782312925166,292,1147
0,0.24711074335312733,0.3761139660886185,907.6457385008094,1879.8129251700684,292,1234
0,0.17412769950428866,0.1481579015003137,554.2599817671229,414.65348639455783,292,2802
0,0.24896654045515784,0.2667761490043613,240.97934191910858,266.9289965986394,292,847
0,0.17765449130400587,0.18098326792561528,776.4509888361899,751.8992346938777,292,226
0,0.27104519694787016,0.2811582462181597,622.4494276753009,551.4489795918367,292,1422
0,0.16425915587927878,0.17446050833498997,608.3157192603697,615.8235544217687,78,1277
0,0.16958436766925333,0.17196352794626116,1047.112447359358,934.2886904761903,78,2609
0,0.913694068571867,0.8938954942148469,611.3585844609374,1180.8358843537414,78,481
0,0.31809294922004744,0.3503724400400394,1447.2276978376392,1685.4051870748292,78,993
0,0.48059240945396703,0.6647387951011366,489.71719842063413,1150.2474489795916,78,1147
0,0.2708787460645246,0.41676891329085963,590.7815058817265,2278.0310374149662,78,1234
0,0.20140924914934855,0.2059038054672013,370.2230190625175,343.58460884353735,78,2802
0,0.2130155110880948,0.23269062270987406,615.4076167150382,616.4851190476189,78,847
0,0.14352062078315078,0.1547529431754629,324.614259203393,307.34226190476187,78,226
0,0.2807967174214682,0.26903854845970543,900.6501586120661,856.9472789115648,78,1422
0,0.1716500374053472,0.18899691281653652,670.5039709783681,769.6994047619052,280,1277
0,0.16738077130649734,0.15619515082091665,413.16795103592204,337.56845238095235,280,2609
0,0.251859278352081,0.34438783122715305,935.9806893026571,1875.2840136054426,280,481
0,0.20107601221426044,0.28352957494781367,610.3531737568161,1140.501275510204,280,993
0,0.17621692839465017,0.3188627824686064,899.79059517923,3111.202380952381,280,1147
0,0.33081279450057083,0.5276743086748984,1263.7545745524556,2305.639030612246,280,1234
0,0.1904753094283597,0.1961475895769457,794.7241159722435,729.6364795918367,280,2802
0,0.19997851141375286,0.19638815698302717,329.8918202045764,339.7729591836735,280,847
0,0.20920989524160594,0.20853938006290992,204.96921878472858,192.41411564625844,280,226
0,0.20517258717011974,0.1974925919191549,496.64457837192913,356.36904761904765,280,1422
0,0.1567294699365038,0.17843308913634873,418.8836899207454,411.5344387755103,272,1277
0,0.18697316700811603,0.17537451266166615,310.87580198621373,280.01785714285717,272,2609
0,0.22659247264562235,0.3475438326248226,444.6804429000609,1366.3354591836735,272,481
0,0.18313754840219895,0.2877667550860401,526.6863608782045,1443.0034013605439,272,993
0,0.18817616176026364,0.3700982527768004,715.7351500098948,3577.2062074829937,272,1147
0,0.21508204015845855,0.37965244773506956,820.2842279788341,1848.3035714285716,272,1234
0,0.15208734818645522,0.16303417095196082,236.16635934997248,236.58758503401364,272,2802
0,0.22726033276139934,0.2557064491606115,212.53769257605504,246.79166666666674,272,847
0,0.18181012555299092,0.17649885324254735,326.9793256208407,315.797193877551,272,226
0,0.22771078499062467,0.2347781033653985,312.9023088930201,338.2814625850341,272,1422
0,0.1848926520755263,0.18731602783303525,383.0169123272074,409.28358843537404,92,1277
0,0.16659230519734936,0.17093660463485238,471.592292048111,454.6823979591836,92,2609
0,0.500857719410683,0.4485000415495954,1783.7241036079538,1514.426445578231,92,481
0,0.29574187465994334,0.3065397784497103,151.99714581976028,181.96641156462587,92,993
0,0.5332237194141155,0.49042550678137714,706.8284455429439,637.578656462585,92,1147
0,0.4301719918140245,0.4955107838843869,976.8910144583393,1713.298894557823,92,1234
0,0.22142889847280098,0.20551932391656239,439.1521445620274,363.5573979591836,92,2802
0,0.2724274778583374,0.27080063959813316,313.9478265335547,330.8035714285714,92,847
0,0.22885677247401315,0.25286514756533485,352.23227869531974,394.7933673469388,92,226
0,0.4766565500593198,0.39601187964472784,263.4982706064329,215.3452380952381,92,1422
0,0.1462932103376058,0.14709745428785023,194.11834931042208,195.2283163265306,103,1277
0,0.12936517736351225,0.11518465643095621,285.81151012571473,237.57015306122446,103,2609
0,0.3098434722350351,0.471539268074919,446.3806168825049,1125.527210884354,103,481
0,0.14413913684281124,0.20266892324176555,422.21981671984275,959.4523809523813,103,993
0,0.2817167756969976,0.39876727364945874,206.30384121374405,498.2852891156461,103,1147
0,0.27973835065002334,0.39295371033402926,766.1929862620669,1820.4910714285713,103,1234
0,0.13545005957898718,0.12979975139084934,239.81088265805374,179.65646258503406,103,2802
0,0.19489256559465162,0.1734280696110484,263.93989911636044,239.5897108843537,103,847
0,0.11001843103046473,0.11251901710769786,1650.3232261003577,1534.5552721088436,103,226
0,0.17676871229091853,0.20132087257680575,705.4407519037655,694.8210034013606,103,1422
0,0.2036634727120282,0.20558957289002686,263.14797819099414,230.86181972789117,383,1277
0,0.15415647164404547,0.15198553437524948,121.4986997928363,116.14413265306122,383,2609
0,0.24176010407053816,0.3034681842551953,379.55243304123087,752.4247448979594,383,481
0,0.20728211053168466,0.25140804391159083,291.15707971283854,644.9464285714287,383,993
0,0.19455381577119288,0.33186977160594905,582.8249581473734,2233.1828231292507,383,1147
0,0.21495391554935653,0.341090048579616,397.5958022176096,847.3732993197278,383,1234
0,0.17896454638911033,0.16310915278214502,144.76257211241136,114.3405612244898,383,2802
0,0.15368686415450125,0.15881573674344274,112.17083938040075,125.62797619047619,383,847
0,0.137223799010829,0.13436367858194104,319.9998711813787,303.90858843537416,383,226
0,0.24033828493175471,0.2206445311268149,256.06640221041863,205.0284863945578,383,1422
0,0.22294927828773983,0.2371376711251152,233.50598632658512,243.96768707483,282,1277
0,0.14413323497777192,0.1326963716536841,117.75895539042631,94.0063775510204,282,2609
0,0.2695704851537593,0.3583536386770337,358.73019603620156,732.2478741496599,282,481
0,0.18775160165615604,0.24205975227982532,228.26100276229377,475.87500000000006,282,993
0,0.18178069131428867,0.26292148656022796,353.2229015955533,708.9000850340135,282,1147
0,0.23034854588084594,0.3221838399112559,384.88322097536206,786.2738095238096,282,1234
0,0.17677298874798578,0.17912160053885529,285.52358167772945,240.08715986394557,282,2802
0,0.1999232710837406,0.19976564607768243,95.39010587253112,93.39285714285715,282,847
0,0.15216978755125035,0.1504381861487449,218.7660767893476,198.1875,282,226
0,0.26860173391116215,0.28704927210952713,172.16358753594736,197.19727891156467,282,1422
0,0.18671794346983248,0.20617550070734614,508.8159402131544,546.172193877551,48,1277
0,0.16534585857967737,0.171596057939966,1352.9391804565287,1420.378826530612,48,2609
0,0.21174732005420924,0.362247563059007,1115.2150955066816,3203.5301870748294,48,481
0,0.2188818420279591,0.23585552415448938,211.73104311121264,266.5969387755102,48,993
0,0.3123527964590687,0.4043142017999645,178.42231220805994,441.5514455782313,48,1147
0,0.3280086889290263,0.4240742448892649,721.0809505861968,1287.9472789115646,48,1234
0,0.16783866533329606,0.16611117207674828,145.2644955306226,140.57568027210883,48,2802
0,0.18280250053322564,0.18381197972230634,202.7899819269102,205.50595238095238,48,847
0,0.19392824356245653,0.23011727919166788,130.85463986382214,161.12797619047618,48,226
0,0.1848331414589561,0.21337018718798248,577.9850514645805,586.578231292517,48,1422
0,0.14798849390417132,0.1376661810144187,177.7030800193967,134.35374149659864,359,1277
0,0.15553279226727906,0.16635357860706054,123.29175544987841,122.6173469387755,359,2609
0,0.2101667811495487,0.35682150772906757,532.6695126985032,2170.9863945578227,359,481
0,0.1617977704340391,0.2469583658927821,198.954058908875,555.0412414965987,359,993
0,0.1816221928174084,0.35441114518864114,542.1592467507135,2430.4051870748285,359,1147
0,0.2107028087007886,0.36519511236580215,505.9079879772955,1066.8435374149662,359,1234
0,0.13431237856095338,0.14443263066417247,162.82223804056653,186.3176020408163,359,2802
0,0.14037472668258558,0.15662150705160174,237.62208523054505,289.42219387755097,359,847
0,0.15235422283790193,0.16269450049568343,282.5834391948947,278.6977040816326,359,226
0,0.19326389642471928,0.23202362569942206,122.0099684011612,142.99872448979588,359,1422
